8
2 1
2 2
1 1
1.0 0.0
3 2
1 3 2
1 1
0.7 0.4
0.3 0.3
3 3
1 2 3
1 1
0.7 0.4
0.3 0.3
7 3
1528 842 1805 2046 2701 1364 478
1.000 1.000
0.533 0.509
0.856 0.823
0.782 0.929
0.984 0.719
0.515 0.374
0.025 0.876
24 3
2805 2484 1332 2332 2524 1741 341 2614 368 2336 686 2136 1750 1779 1682 262 2454 1529 465 1413 1833 2434 2324 1202
1.000 1.000
0.948 0.598
0.992 0.414
0.773 0.625
0.036 0.576
0.821 0.549
0.805 0.369
0.327 0.197
0.544 0.195
0.560 0.360
0.316 0.569
0.423 0.756
0.003 0.806
0.410 0.572
0.595 0.078
0.461 0.493
0.246 0.196
0.969 0.226
0.181 0.856
0.452 0.022
0.650 0.531
0.024 0.470
0.033 0.620
0.866 0.205
18 3
1002 1658 2433 344 339 897 199 2730 2855 2725 2965 51 411 1416 19 64 2681 765
1.000 1.000
0.392 0.265
0.462 0.309
0.662 0.894
0.194 0.634
0.919 0.403
0.961 0.186
0.660 0.388
0.735 0.266
0.177 0.269
0.699 0.358
0.919 0.408
0.180 0.444
0.945 0.500
0.206 0.010
0.212 0.822
0.828 0.948
0.633 0.047
92 2
1067 2042 2637 2562 1688 2351 1895 1231 316 995 297 982 1399 2089 2607 1951 1465 1060 838 1125 2073 1811 1748 784 2804 1180 138 1720 2135 366 415 2964 677 1019 2019 2866 741 1971 2880 2300 2256 1959 1254 1213 1463 1272 2269 2604 2525 1298 804 1190 686 1254 2842 2366 111 917 1874 2096 2919 280 2366 785 861 2680 2754 76 2157 500 2997 162 917 1120 1567 1603 2196 2307 900 635 640 2515 2885 1469 2678 2552 1047 1773 909 722 5 472
1.000 1.000
0.103 0.458
0.096 0.894
0.551 0.847
0.532 0.004
0.222 0.008
0.945 0.147
0.194 0.624
0.556 0.668
0.913 0.005
0.383 0.054
0.302 0.472
0.244 0.022
0.685 0.770
0.921 0.577
0.568 0.132
0.844 0.650
0.613 0.069
0.940 0.534
0.807 0.805
0.723 0.358
0.673 0.021
0.312 0.526
0.860 0.082
0.609 0.550
0.339 0.839
0.507 0.169
0.592 0.957
0.067 0.340
0.482 0.897
0.586 0.174
0.606 0.984
0.757 0.828
0.314 0.293
0.570 0.241
0.888 0.906
0.189 0.160
0.586 0.382
0.909 0.911
0.786 0.712
0.548 0.151
0.789 0.007
0.127 0.975
0.327 0.035
0.558 0.181
0.091 0.258
0.002 0.177
0.746 0.470
0.006 0.488
0.388 0.559
0.386 0.909
0.507 0.959
0.213 0.606
0.265 0.971
0.510 0.253
0.933 0.824
0.127 0.494
0.133 0.340
0.308 0.221
0.130 0.511
0.667 0.113
0.745 0.799
0.288 0.930
0.194 0.191
0.049 0.313
0.220 0.079
0.935 0.021
0.108 0.946
0.116 0.107
0.915 0.269
0.056 0.690
0.041 0.553
0.356 0.361
0.488 0.060
0.045 0.983
0.179 0.093
0.937 0.940
0.544 0.260
0.220 0.746
0.015 0.715
0.195 0.717
0.982 0.350
0.815 0.445
0.728 0.810
0.263 0.257
0.681 0.513
0.405 0.123
0.814 0.261
0.436 0.755
0.256 0.637
0.357 0.998
0.665 0.288
90 1
1151 1151 1151 1151 1151 1151 1151 1151 1151 1151 1151 1151 1151 1151 1151 1151 1151 1151 1151 1151 1151 1151 1151 1151 1151 1151 1151 1151 1151 1151 1151 1151 1151 1151 1151 1151 1151 1151 1151 1151 1151 1151 1151 1151 1151 1151 1151 1151 1151 1151 1151 1151 1151 1151 1151 1151 1151 1151 1151 1151 1151 1151 1151 1151 1151 1151 1151 1151 1151 1151 1151 1151 1151 1151 1151 1151 1151 1151 1151 1151 1151 1151 1151 1151 1151 1151 1151 1151 1151 1151
1.000 1.000
0.504 0.480
0.205 0.375
0.880 0.904
0.987 0.778
0.851 0.543
0.761 0.938
0.314 0.744
0.794 0.855
0.538 0.549
0.873 0.649
0.291 0.841
0.362 0.226
0.819 0.540
0.477 0.725
0.538 0.967
0.623 0.110
0.492 0.077
0.020 0.399
0.583 0.552
0.599 0.414
0.718 0.997
0.050 0.947
0.356 0.012
0.053 0.585
0.134 0.463
0.917 0.596
0.077 0.062
0.390 0.867
0.146 0.131
0.960 0.259
0.406 0.523
0.973 0.547
0.485 0.602
0.685 0.297
0.672 0.496
0.576 0.725
0.573 0.469
0.677 0.135
0.869 0.559
0.321 0.440
0.327 0.091
0.553 0.417
0.043 0.688
0.782 0.054
0.866 0.271
0.224 0.940
0.342 0.122
0.060 0.597
0.278 0.673
0.191 0.794
0.958 0.348
0.592 0.374
0.698 0.917
0.793 0.051
0.841 0.250
0.239 0.364
0.879 0.681
0.971 0.632
0.399 0.823
0.333 0.167
0.796 0.028
0.830 0.770
0.420 0.530
0.476 0.306
0.856 0.511
0.878 0.853
0.863 0.169
0.277 0.794
0.046 0.724
0.830 0.608
0.617 0.003
0.935 0.332
0.742 0.198
0.910 0.196
0.129 0.119
0.620 0.464
0.774 0.926
0.275 0.430
0.925 0.054
0.671 0.520
0.384 0.623
0.654 0.067
0.101 0.526
0.160 0.001
0.567 0.424
0.101 0.783
0.436 0.226
0.262 0.133
0.698 0.352