3
3 2 2
2 1
1 2
1 0
1 1
2 0 1
3 2 2
2 1
1 2
1 0
1 1
1 0
32 3 31
20 14 14 18 13 16 18 11 7 17 10 9 10 13 7 19 14 7 8 18 12 16 19 9 19 14 17 14 7 11 11
15 12 10 11 17 10 11 18 20 20 8 8 14 19 11 7 17 20 14 20 9 19 15 8 13 17 12 14 12 16 17
14 15 16 10 20 13 13 17 15 7 19 10 7 19 14 12 17 8 8 19 15 14 15 12 19 14 16 8 7 7 10
2 0 2
2 0 1
3 0 1 2
3 0 1 2
1 0
2 0 1
1 1
1 0
1 0
3 0 1 2
2 1 2
2 0 2
2 0 1
2 1 2
2 1 2
3 0 1 2
3 0 1 2
1 0
1 0
1 1
2 0 2
1 2
2 1 2
2 0 2
2 1 2
2 0 2
2 1 2
3 0 1 2
1 1
3 0 1 2
2 0 2
1 0