6
4 3
5 2
2 3
1 2
0 1
0 1
1 2
2 3
4 3
6 2
2 3
1 3
0 1
0 1
1 2
2 3
4 3
0 1
5 1
2 1
2 1
0 1
1 2
2 3
1 0
2 1
5 4
2 0
0 1
1 0
0 1
0 1
0 1
0 2
2 3
2 4
100 486
8958 8958
4461 4455
9102 9100
6746 6741
7780 7779
8599 8591
6826 6819
7580 7575
2916 2906
2127 2120
3026 3025
7444 7443
6300 6292
6447 6448
2779 2779
147 142
7540 7540
4135 4127
3431 3421
1863 1860
1648 1640
522 512
8843 8843
3841 3833
9291 9286
8515 8506
5179 5179
1049 1046
9904 9904
2747 2741
9758 9752
3949 3941
8734 8729
4748 4743
1559 1553
2785 2784
2223 2220
8921 8912
8755 8752
3443 3438
2463 2463
7217 7214
890 887
626 625
945 938
2478 2477
3692 3691
5419 5418
4623 4616
1377 1374
6819 6816
5591 5586
7601 7597
6509 6507
5824 5817
5084 5080
1780 1774
3185 3176
1715 1710
3549 3545
25 20
8556 8546
2137 2129
1138 1137
3147 3138
8598 8593
5184 5184
9932 9926
391 386
2398 2388
4429 4428
7586 7579
7082 7079
7 0
7323 7313
1567 1565
1342 1337
1435 1433
8539 8529
1015 1013
6523 6514
4625 4624
6872 6865
6448 6441
7681 7674
766 756
1556 1552
7670 7662
5031 5024
7877 7877
3632 3622
2792 2782
9731 9723
9197 9187
4095 4089
6549 6539
5382 5374
2704 2704
8826 8826
7555 7551
0 4
0 37
0 39
0 51
0 53
0 80
0 81
1 2
1 10
1 48
1 51
1 58
1 69
1 81
1 94
2 6
2 35
2 67
2 89
2 94
2 95
3 11
3 15
3 37
3 42
3 58
3 59
3 65
3 75
3 80
3 81
3 87
3 89
3 97
4 5
4 9
4 12
4 13
4 17
4 23
4 25
4 39
4 58
4 62
4 89
4 99
5 10
5 11
5 24
5 26
5 43
5 44
5 58
5 74
5 78
5 92
6 7
6 16
6 17
6 52
6 63
6 64
6 65
6 71
6 76
6 90
7 9
7 14
7 18
7 30
7 41
7 43
7 63
7 68
7 72
7 75
8 16
8 19
8 44
8 48
8 55
8 61
8 71
8 81
8 83
8 88
8 91
9 34
9 38
9 52
9 61
9 63
9 69
9 76
9 79
9 80
9 82
9 84
9 90
10 13
10 43
10 63
10 65
10 71
10 81
11 63
11 77
11 95
11 97
12 44
12 48
12 52
12 69
12 70
12 76
12 98
13 28
13 32
13 33
13 65
13 73
13 74
13 75
13 86
14 21
14 31
14 37
14 39
14 48
14 53
14 57
14 61
14 78
14 85
15 23
15 26
15 32
15 42
15 52
15 67
15 69
15 75
15 80
15 82
15 86
15 89
15 94
15 99
16 28
16 51
16 53
16 57
16 75
17 24
17 40
17 85
17 97
18 20
18 38
18 45
18 54
18 70
18 73
18 76
18 83
19 40
19 41
19 43
19 48
19 49
19 53
19 59
19 61
19 66
19 88
20 28
20 34
20 41
20 47
20 54
20 67
20 82
20 83
21 23
21 25
21 28
21 75
22 26
22 35
22 49
22 54
22 60
22 85
23 24
23 35
23 39
23 52
23 58
23 60
23 61
23 62
23 67
23 94
23 97
24 40
24 61
24 62
25 54
25 61
25 68
25 82
25 85
25 91
26 30
26 34
26 36
26 46
26 49
26 54
26 67
26 69
26 74
26 79
26 83
27 40
27 80
27 88
27 94
27 98
28 44
28 51
28 52
28 55
28 87
28 97
29 34
29 39
29 54
29 60
29 71
30 71
30 82
30 84
30 88
30 97
31 34
31 40
31 46
31 53
31 70
31 80
32 35
32 42
32 45
32 62
32 66
32 68
32 70
32 82
32 88
32 89
32 90
32 98
33 41
33 43
33 60
33 62
33 74
33 96
34 54
34 62
34 66
34 80
34 86
35 45
35 54
35 69
35 83
36 42
36 60
36 65
36 70
36 74
36 80
36 81
36 91
36 94
37 38
37 46
37 55
37 69
37 90
38 41
38 42
38 58
38 62
38 71
38 84
38 88
38 94
38 95
39 41
39 48
39 58
39 68
39 72
40 61
40 82
40 83
40 86
40 97
41 47
41 67
41 86
41 95
42 61
42 65
42 79
42 84
42 85
42 91
42 97
43 44
43 47
43 64
43 69
43 82
43 85
43 91
43 97
44 62
44 69
44 72
44 75
44 82
44 87
44 97
45 52
45 53
45 59
45 67
46 52
46 63
46 64
46 73
46 75
46 76
46 84
46 87
46 90
46 98
47 53
47 69
47 70
47 79
48 54
48 63
48 76
48 82
48 92
49 52
49 56
49 57
49 62
49 79
49 83
49 85
49 92
50 51
50 59
50 68
50 70
50 72
50 79
50 91
50 99
51 85
52 57
52 97
53 54
53 70
53 73
53 76
54 66
54 73
54 82
54 93
54 97
55 72
55 75
55 84
55 86
55 89
55 97
55 99
56 76
56 94
57 58
57 70
57 76
58 64
58 81
58 91
58 92
59 60
59 70
59 86
59 88
59 94
59 96
59 99
60 61
60 63
60 69
60 78
60 81
60 88
61 62
61 80
61 82
61 90
62 85
63 75
63 86
63 90
63 91
63 93
64 77
64 81
64 86
64 91
65 72
65 75
65 94
65 95
65 99
66 68
66 75
66 85
66 89
67 73
67 86
67 89
68 78
68 90
69 91
70 74
70 99
71 84
71 85
72 84
72 93
73 75
73 93
73 99
74 93
75 80
75 83
75 88
75 91
76 86
76 88
76 89
77 81
77 82
77 83
77 86
77 87
78 80
78 89
79 82
79 85
79 94
79 95
79 98
80 90
83 89
83 94
84 86
84 93
85 87
85 91
85 96
87 97
88 97
92 99