20
10
10 20 30 40 50 60 70 80 90 200
10
2 345 934789 8234 9657 73759 73 923 45 7
4
756783 1 4 5
8
1001 476 34 75923 3 932472 7439 1203
2
88 420
10
858 12367 712739 732198 47923 810 641 740276 9239 7
10
9 74 93 71 78 5784 82 8123 732 721
10
739 72398 29 127 489 2920 2390 247 2794 284
10
83 322398 42 8 90 58 3 94 5094 98
10
7025 984 32721 4 091 98 16 14 97 68
10
2 3 5 7 11 13 17 19 23 29
3
57 53 10
7
678 58 4326 77 98 345 780
9
48 2348 14 9 24367 140 168 2437 7923
1
3
5
92384 12 7 420 68123
6
32 58 217698 1234 68 12347
2
698568 347
8
8560 69 58932 987260 158 7268 45875 150
2
420 69
